%YAML:1.0

cam0:
  T_imu_cam: #rotation from camera to IMU R_CtoI, position of camera in IMU p_CinI
    - [1, 0, 0, -0.00552000012248755]
    - [0, 1, 0, 0.00510000018402934]
    - [0, 0 , 1, 0.011739999987185]
    - [0.0, 0.0, 0.0, 1.0]
  cam_overlaps: [1]
  camera_model: pinhole
  distortion_coeffs: [-0.0038624187567406114, -0.002867301174978226, 0.0009824454094971538, -0.002905869809451126]
  distortion_model: radtan
  intrinsics: [419.7710031441766, 421.13769785497385, 422.1047115327376, 237.96480875706303] #fu, fv, cu, cv
  resolution: [848, 480]
  rostopic: /camera/infra1/image_rect_raw
cam1:
  T_imu_cam: #rotation from camera to IMU R_CtoI, position of camera in IMU p_CinI
    - [1, 0, 0, 0.0443807244300842]
    - [0, 1, 0, 0.00510000018402934]
    - [0, 0 , 1, 0.011739999987185]
    - [0.0, 0.0, 0.0, 1.0]
  cam_overlaps: [0]
  camera_model: pinhole
  distortion_coeffs: [-0.0054146191170762895, -0.00096124703348179, 0.0008961055913969175, -0.0028814022536593825]
  distortion_model: radtan
  intrinsics: [419.7640231597649, 421.22239371806734, 421.9795172807834, 237.96971996320067] #fu, fv, cu, cv
  resolution: [848, 480]
  rostopic: /camera/infra2/image_rect_raw